1 김대겸 9999 29141607 로봇학부 ISTJ 
1 2 1 2 2 1 2 
2 2 2 2 2 2 1 
2 1 2 1 1 2 2 
2 1 2 2 2 2 2 
1 1 1 1 1 1 2 
1 오후 점심 오전 master
2 윤소정 9999 39436068 로봇학부 ENFP 1 2 1 2 2 1 2 2 2 2 1 2 2 2 2 1 2 1 1 2 2 2 2 1 2 2 2 2 1 1 1 1 1 1 2 1 저녁 오후 점심 master
3 이민석 9999 62178213 로봇학부 INFP 1 2 1 1 2 2 2 2 2 2 1 2 2 2 2 1 1 1 1 2 2 1 1 1 2 2 2 2 2 2 2 2 2 2 1 3 점심 오후 저녁 master
4 이명진 9999 55952760 로봇학부 INFJ 1 2 1 2 2 2 2 2 2 2 1 1 2 2 2 1 2 1 2 2 2 2 2 1 2 2 1 2 1 1 2 2 2 2 2 3 저녁 점심 오후 master
5 이승훈 9999 85108397 로봇학부 ENFJ 1 2 1 2 2 1 2 2 2 2 2 2 2 1 2 1 2 1 1 2 2 1 1 2 2 2 2 2 1 1 1 1 2 2 2 3 저녁 오후 오전 master
6 이지행 9999 40096360 로봇학부 INFJ 2 2 1 2 2 1 2 1 2 1 2 2 2 2 2 2 2 1 1 2 2 2 2 2 1 2 2 2 1 1 1 1 1 1 2 2 오전 오후 저녁 master
7 장승원 9999 21628642 로봇학부 INTJ 1 2 1 1 2 1 2 2 2 2 2 2 2 1 2 1 1 1 1 2 2 2 2 2 2 2 2 1 1 1 1 1 1 1 2 1 저녁 점심 오후 master
