1 윤희성 2023114076 57022955 화학공학과 ENFP 2 1 2 1 2 1 2 1 2 2 2 2 2 2 1 1 1 2 1 2 2 2 1 2 2 2 2 2 1 1 1 1 2 2 2 1 점심 오후 저녁 로빛후의진로가궁금해요
2 박경수 2023741036 91271434 로봇학부 ESTJ 2 2 1 2 1 1 2 2 1 2 2 2 1 2 2 2 2 1 1 1 2 1 1 2 2 2 2 2 1 1 2 2 2 2 2 1 점심 오후 저녁 학점은어떻게챙겨야하는건가요
3 주성민 2023741014 91789224 로봇학부 ENTJ 2 2 1 2 1 1 2 2 2 2 1 1 1 2 2 2 2 1 1 1 2 2 2 1 1 1 1 2 2 2 2 2 2 2 1 2 저녁 오전 점심 활동하기전까지갖춰야할지식이있나요
4 유아름 2023204086 64609794 정보융합학부 ENFP 2 1 2 1 1 1 2 2 2 2 2 2 2 1 1 2 1 2 1 1 2 2 2 2 2 1 1 2 1 1 2 2 2 2 2 1 저녁 점심 오후 실력이어느정도충족되어야다른활동과같이할수있는지비마랑학생회
5 박건후 2023741024 71183436 로봇학부 ISTJ 1 1 2 2 1 1 2 2 2 2 2 2 1 2 1 2 1 2 1 1 2 2 2 2 2 1 1 2 2 2 2 2 2 2 1 1 점심 저녁 오전 통학괜찮나요
6 박진우 2023741047 49987596 로봇학부 INTP 1 1 1 1 1 1 2 2 2 2 2 2 2 1 1 1 1 1 2 1 2 2 2 2 2 2 2 1 2 2 2 2 1 1 2 2 점심 저녁 오후 군대시기
7 소재웅 2023741052 77235422 로봇학부 ESFP 2 2 2 2 1 1 2 2 2 1 2 1 1 2 2 2 2 2 2 1 2 2 1 2 2 2 1 2 2 2 2 2 1 1 2 2 저녁 오전 점심 질문없음
8 홍지현 2023741059 56987646 로봇학부 ENTJ 2 2 2 1 1 2 2 2 2 2 2 2 2 1 1 1 1 2 1 1 2 2 2 2 2 2 2 1 2 2 1 1 1 1 2 2 점심 오전 오후 지능이냐휴먼이냐
9 박용진 2023706047 65669923 전자공학과 INTJ 2 2 2 1 1 1 2 1 1 2 2 1 1 2 2 2 2 2 1 1 2 1 1 2 2 1 1 2 2 2 2 2 2 2 1 1 점심 오후 오전 1학년이라전문지식이부족한데괜찮
10 이승준 2023707053 90716326 전자통신공학과 ISTP 2 1 1 1 2 2 2 2 2 2 1 2 1 2 1 1 1 1 2 2 2 2 2 1 2 1 1 2 2 2 2 2 2 2 1 1 저녁 오후 점심 로빛이원하는단원스타일
11 김민철 2023707057 59331758 전자통신공학과 ISTP 2 1 2 1 2 1 2 2 2 2 1 2 1 2 1 2 1 2 1 2 2 2 2 1 1 1 2 2 1 1 2 2 2 2 2 1 저녁 오후 점심 질문없음
12 우정윤 2023741031 79163784 로봇학부 ESTJ 1 2 1 1 2 1 2 2 1 2 1 2 2 2 2 1 1 1 1 2 2 1 1 1 2 2 2 2 2 2 2 2 2 2 1 1 오후 점심 오전 업무시간하드소프트뭐함군대문제
13 장예은 2023204051 21961346 정보융합학부 INFP 1 1 2 1 2 2 2 2 2 2 2 1 1 2 1 1 1 2 2 2 2 2 2 2 2 1 1 2 1 2 2 2 2 2 2 2 저녁 오후 점심 실적없이가능
14 오가현 2023741043 29102397 로봇학부 INFJ 2 2 2 2 1 1 2 2 2 2 1 2 1 2 2 2 2 2 1 1 2 2 2 1 2 1 1 2 2 2 1 1 1 1 2 1 점심 오전 저녁 경쟁률한달에얼마나연구
15 유현우 2023741018 77420859 로봇학부 INFP 2 1 1 2 2 1 2 2 1 2 2 1 2 2 1 2 2 1 1 2 2 1 1 2 2 2 1 2 2 2 2 2 2 2 1 1 저녁 점심 오후 질문없음
16 김창환 2023706145 35913809 전자공학과 INTP 2 2 2 2 2 2 1 2 1 2 1 1 1 2 2 2 1 1 2 2 2 1 2 1 2 1 1 2 2 2 2 2 2 2 2 1 저녁 점심 오후 질문없음
17 김예슬 2023707015 33958380 전자통신과 INTP 1 1 2 2 1 1 2 1 2 2 2 1 1 2 1 1 2 2 2 1 2 2 1 2 2 1 1 2 2 2 2 2 2 2 1 3 점심 저녁 오후 질문없음
18 김성윤 2023741019 27587049 로봇학부 ENTP 2 1 2 2 1 1 2 2 2 2 2 2 1 2 1 2 2 2 1 1 2 2 2 2 2 1 1 2 2 2 1 1 1 1 2 1 저녁 점심 오후 질문없음
19 정유정 2023741051 40180613 로봇학부 INTP 2 1 1 2 2 1 2 2 2 2 2 2 1 2 1 1 2 1 1 2 2 2 2 2 2 2 2 1 2 2 1 1 1 1 2 2 오후 점심 저녁 면접꿀팁
20 남진우 2023741008 20549528 로봇학부 INTP 2 2 1 1 1 1 2 2 2 2 2 1 1 2 2 2 1 1 1 1 2 2 2 2 2 1 1 2 2 2 2 2 2 2 1 1 저녁 점심 오후 질문없음
21 오서현 2023741045 28480340 로봇학부 INFP 1 2 2 2 1 2 2 2 2 2 1 2 1 2 2 1 2 2 2 1 2 2 2 1 2 1 1 2 1 1 2 2 1 1 2 1 오전 점심 저녁 질문없음
22 장정인 2023741046 64100059 로봇학부 INFJ 1 2 2 2 1 2 2 2 1 2 2 2 1 2 2 1 2 2 2 1 2 1 1 2 2 1 2 2 2 2 1 1 1 1 2 2 오전 점심 저녁 질문없음
23 신태용 2023741053 40783554 로봇학부 INFJ 2 2 1 2 1 1 2 2 2 2 2 1 1 2 2 2 2 2 1 1 2 2 2 2 2 2 1 2 2 2 1 1 1 1 2 3 오전 점심 오후 1학년때의활동커리큘럼
24 황인영 2023117017 87284671 로봇학부 ENFJ 1 2 2 1 2 2 2 2 1 1 1 2 1 2 2 1 1 2 2 2 2 2 2 2 1 1 2 2 1 1 2 2 2 2 2 1 오전 저녁 오후 질문없음
